25
9
MMMMMMMMM
84237_4	181	181	243	247	196	211	266	266	184	184	189	189	202	205	189	194	220	220
84242_24	181	187	243	247	196	202	267	267	184	190	189	189	202	205	194	194	214	214
842107_5	187	196	243	247	199	211	266	266	184	184	189	189	202	202	189	189	NA	NA
8421071	178	187	247	247	199	208	267	267	184	190	189	189	202	202	189	189	220	220
842108_5	181	187	243	247	205	205	264	264	184	190	189	189	202	205	189	194	NA	NA
8421399	181	181	247	247	202	205	264	264	184	184	189	189	202	205	184	189	214	220
84216249	187	187	247	247	202	202	267	267	184	190	189	189	202	205	189	194	214	220
84216923	178	187	247	247	196	205	264	266	184	184	189	189	205	205	187	194	232	232
842172_37	181	187	243	247	196	202	266	266	181	190	189	198	202	205	189	189	201	214
842195_1	178	181	243	247	199	199	267	267	184	184	189	198	202	202	184	187	208	214
8422123	187	187	247	247	199	202	267	267	184	184	189	189	202	208	194	194	220	220
842251	178	181	247	247	196	202	266	266	184	184	189	198	202	205	189	189	214	214
8423760	178	178	247	247	199	205	266	266	184	184	189	198	202	202	194	194	208	208
842416_14	181	187	243	247	196	202	264	264	184	190	189	189	202	205	194	194	208	214
8424320	181	187	247	247	196	205	267	267	184	184	189	198	202	202	184	184	214	214
842567_25	178	181	243	247	196	202	264	266	171	184	189	189	202	202	198	198	232	232
8428175	178	190	247	247	196	199	267	267	184	184	189	189	202	202	187	194	208	208
842B9951_20	181	187	243	247	196	211	266	266	184	190	189	198	202	202	189	194	220	232
S842s9822_4	181	181	243	247	199	211	264	266	184	184	189	189	202	202	189	189	214	232
85311151	181	187	247	247	199	211	267	267	184	184	189	198	202	205	194	194	208	208
85313740	NA	NA	247	247	196	202	267	267	196	196	189	198	202	205	194	194	214	232
85314132	184	195	247	247	196	205	267	267	184	196	189	198	202	202	184	189	214	214
8534866	190	196	247	247	196	202	267	267	174	184	189	189	202	202	189	189	214	214
85352	181	188	247	247	196	196	267	267	184	190	189	198	202	205	187	194	214	214
85356106	187	187	247	247	196	205	267	267	184	184	189	189	202	202	187	187	214	214
